 1 0 1e-07 0.244321 0.00996299 0.234358 0 0.0140643 0.00697142 0.0100002
 2 1.1e-07 1.1e-07 0.244321 0.00996299 0.234358 0 0.0140643 0.00697142 0.0100002
 3 2.31e-07 1.21e-07 0.244321 0.00996299 0.234358 0 0.0140643 0.00697142 0.0100002
 4 3.641e-07 1.331e-07 0.244321 0.00996299 0.234358 0 0.0140643 0.00697142 0.0100002
 5 5.1051e-07 1.4641e-07 0.244321 0.00996299 0.234358 0 0.0140643 0.00697142 0.0100002
 6 6.71561e-07 1.61051e-07 0.244321 0.00996299 0.234358 0 0.0140643 0.00697142 0.0100002
 7 8.48717e-07 1.77156e-07 0.244321 0.00996299 0.234358 0 0.0140643 0.00697142 0.0100002
 8 1.04359e-06 1.94872e-07 0.244321 0.00996299 0.234358 0 0.0140643 0.00697142 0.0100002
 9 1.25795e-06 2.14359e-07 0.244321 0.00996299 0.234358 0 0.0140643 0.00697142 0.0100002
 10 1.49374e-06 2.35795e-07 0.244321 0.00996299 0.234358 0 0.0140643 0.00697142 0.0100002
