 1 0 1e-10 0.321877 0.227966 0.0939113 0 0.168864 0.0298579 0.959441 0
 2 1.1e-10 1.1e-10 0.321877 0.227966 0.0939113 0 0.168864 0.0298578 0.949493 1.17396e-09
 3 2.31e-10 1.21e-10 0.321877 0.227966 0.0939113 0 0.168864 0.0298579 0.944136 2.46531e-09
 4 3.641e-10 1.331e-10 0.321877 0.227966 0.0939113 0 0.168864 0.0298579 0.940119 3.88581e-09
 5 5.1051e-10 1.4641e-10 0.321877 0.227966 0.0939113 0 0.168864 0.0298579 0.937249 5.44835e-09
 6 6.71561e-10 1.61051e-10 0.321877 0.227966 0.0939113 0 0.168864 0.0298579 0.934188 7.16714e-09
 7 8.48717e-10 1.77156e-10 0.321877 0.227966 0.0939113 0 0.168864 0.0298579 0.932657 9.05781e-09
 8 1.04359e-09 1.94872e-10 0.321877 0.227966 0.0939113 0 0.168864 0.0298578 0.931318 1.11376e-08
 9 1.25795e-09 2.14359e-10 0.321877 0.227966 0.0939113 0 0.168864 0.0298579 0.93017 1.34253e-08
 10 1.49374e-09 2.35795e-10 0.321877 0.227966 0.0939113 0 0.168864 0.0298579 0.929596 1.59418e-08
