 1 0 1e-06 0.999973 0 0.999973 0 0 0
 2 1.1e-06 1.1e-06 0.999973 1.0214e-08 0.999973 0 4.4541e-14 5.97116e-13
 3 2.31e-06 1.21e-06 0.999973 3.15087e-08 0.999973 0 1.70183e-13 1.06196e-12
 4 3.641e-06 1.331e-06 0.999973 6.84365e-08 0.999973 0 1.92722e-13 1.52125e-12
 5 5.1051e-06 1.4641e-06 0.999973 1.254e-07 0.999973 0 3.66096e-13 2.02167e-12
 6 6.71561e-06 1.61051e-06 0.999973 2.07835e-07 0.999973 0 3.21337e-13 2.60995e-12
 7 8.48717e-06 1.77156e-06 0.999973 3.22445e-07 0.999973 0 4.82964e-13 3.25457e-12
 8 1.04359e-05 1.94872e-06 0.999973 4.7747e-07 0.999973 0 5.00979e-13 3.91667e-12
 9 1.25795e-05 2.14359e-06 0.999973 6.83038e-07 0.999973 0 5.70909e-13 4.71712e-12
 10 1.49374e-05 2.35795e-06 0.999973 9.51554e-07 0.999973 0 2.45264e-13 5.53297e-12
