 1 0 1e-07 0.956486 0.00929912 0.947187 0 1.08362e-09 0.00650938
 2 1.1e-07 1.1e-07 0.956486 0.00929912 0.947187 0 1.08339e-09 0.00650938
 3 2.31e-07 1.21e-07 0.956486 0.00929912 0.947187 0 1.08338e-09 0.00650938
 4 3.641e-07 1.331e-07 0.956486 0.00929912 0.947187 0 1.08359e-09 0.00650938
 5 5.1051e-07 1.4641e-07 0.956486 0.00929912 0.947187 0 1.08317e-09 0.00650938
 6 6.71561e-07 1.61051e-07 0.956486 0.00929912 0.947187 0 1.08353e-09 0.00650938
 7 8.48717e-07 1.77156e-07 0.956486 0.00929912 0.947187 0 1.08283e-09 0.00650938
 8 1.04359e-06 1.94872e-07 0.956486 0.00929912 0.947187 0 1.08342e-09 0.00650938
 9 1.25795e-06 2.14359e-07 0.956486 0.00929912 0.947187 0 1.08327e-09 0.00650938
 10 1.49374e-06 2.35795e-07 0.956486 0.00929912 0.947187 0 1.08324e-09 0.00650938
