 1 0 0.0001 1000 0 1000 0 0 0 0
 2 0.00011 0.00011 1000 9.39573e-09 1000 0 2.31105e-12 2.63153e-08 0.000137013
 3 0.000231 0.000121 1000 3.11173e-08 1000 0 3.14531e-12 4.5671e-08 0.000249344
 4 0.0003641 0.0001331 1000 7.13989e-08 1000 0 9.44529e-12 6.95752e-08 0.000377697
 5 0.00051051 0.00014641 1000 1.36561e-07 1000 0 1.01071e-11 9.63295e-08 0.000522349
 6 0.000671561 0.000161051 1000 2.34141e-07 1000 0 6.59781e-12 1.28101e-07 0.000683969
 7 0.000848717 0.000177156 1000 3.73251e-07 1000 0 7.63597e-12 1.63849e-07 0.000863572
 8 0.00104359 0.000194872 1000 5.64846e-07 1000 0 9.34239e-12 2.03192e-07 0.00106234
 9 0.00125795 0.000214359 1000 8.22217e-07 1000 0 1.30625e-11 2.46941e-07 0.00128171
 10 0.00149374 0.000235795 1000 1.16138e-06 1000 0 1.31192e-11 2.95105e-07 0.0015233
