 1 0 0.0001 -0.610313 0 0.0499969 -0.66031 0 0
 2 0.00011 0.00011 -0.61028 1.31825e-08 0.0499969 -0.660277 1.91993e-09 1.87228e-10
 3 0.000231 0.000121 -0.610254 3.97076e-08 0.0499969 -0.660251 1.42025e-09 3.19734e-10
 4 0.0003641 0.0001331 -0.610235 8.4933e-08 0.0499969 -0.660232 1.56084e-09 4.6321e-10
 5 0.00051051 0.00014641 -0.61022 1.53888e-07 0.0499969 -0.660217 1.71408e-09 6.13815e-10
 6 0.000671561 0.000161051 -0.610209 2.52849e-07 0.0499969 -0.660206 1.92435e-09 7.83614e-10
 7 0.000848717 0.000177156 -0.6102 3.89591e-07 0.0499969 -0.660198 2.1256e-09 9.56347e-10
 8 0.00104359 0.000194872 -0.610195 5.73705e-07 0.0499969 -0.660192 2.36877e-09 1.14352e-09
 9 0.00125795 0.000214359 -0.61019 8.16987e-07 0.0499969 -0.660188 2.63769e-09 1.35459e-09
 10 0.00149374 0.000235795 -0.610187 1.13391e-06 0.0499968 -0.660185 2.94193e-09 1.58045e-09
