 1 0 0.0001 -0.610373 0 0.05 -0.660373 0 0
 2 0.00011 0.00011 -0.61034 1.31814e-08 0.05 -0.66034 1.79035e-09 1.34339e-10
 3 0.000231 0.000121 -0.610314 3.97048e-08 0.05 -0.660314 1.18742e-09 2.27031e-10
 4 0.0003641 0.0001331 -0.610295 8.49277e-08 0.05 -0.660295 1.21524e-09 3.34122e-10
 5 0.00051051 0.00014641 -0.61028 1.53879e-07 0.05 -0.66028 1.26681e-09 4.57207e-10
 6 0.000671561 0.000161051 -0.610269 2.52835e-07 0.05 -0.660269 1.36855e-09 5.94056e-10
 7 0.000848717 0.000177156 -0.610261 3.8957e-07 0.05 -0.660261 1.48246e-09 7.48917e-10
 8 0.00104359 0.000194872 -0.610255 5.73675e-07 0.0499999 -0.660255 1.63867e-09 9.1403e-10
 9 0.00125795 0.000214359 -0.610251 8.16945e-07 0.0499999 -0.660251 1.81727e-09 1.10206e-09
 10 0.00149374 0.000235795 -0.610248 1.13385e-06 0.0499999 -0.660249 2.0441e-09 1.30089e-09
