 1 0 0.0001 3.74933 0 3.74933 0 0 0
 2 0.00011 0.00011 3.74992 0.000586393 3.74933 0 3.59076e-07 1.60128e-06
 3 0.000231 0.000121 3.74959 0.00121978 3.74837 0 5.66847e-07 2.81737e-06
 4 0.0003641 0.0001331 3.74955 0.00209118 3.74746 0 7.43751e-07 4.13793e-06
 5 0.00051051 0.00014641 3.74953 0.00324277 3.74629 0 8.51457e-07 5.55663e-06
 6 0.000671561 0.000161051 3.74952 0.00472916 3.74479 0 1.02518e-06 7.11896e-06
 7 0.000848717 0.000177156 3.74951 0.00662101 3.74289 0 1.13983e-06 8.57005e-06
 8 0.00104359 0.000194872 3.74951 0.00899269 3.74051 0 1.22743e-06 1.03873e-05
 9 0.00125795 0.000214359 3.7495 0.0119258 3.73757 0 1.33069e-06 1.22772e-05
 10 0.00148158 0.00022363 3.74948 0.015297 3.73419 0 1.41165e-06 1.47252e-05
