 1 0 0.0001 1000 0 1000 0 0 0 0
 2 0.00011 0.00011 1000 9.39573e-09 1000 0 1.23206e-12 2.63156e-08 0.000137013
 3 0.000231 0.000121 1000 3.11173e-08 1000 0 6.4593e-12 4.56714e-08 0.000249344
 4 0.0003641 0.0001331 1000 7.13988e-08 1000 0 8.93076e-12 6.95757e-08 0.000377697
 5 0.00051051 0.00014641 1000 1.36561e-07 1000 0 1.54126e-11 9.63335e-08 0.000522349
 6 0.000671561 0.000161051 1000 2.34141e-07 1000 0 1.14968e-11 1.28104e-07 0.000683969
 7 0.000848717 0.000177156 1000 3.73251e-07 1000 0 1.31163e-11 1.63851e-07 0.000863572
 8 0.00104359 0.000194872 1000 5.64846e-07 1000 0 1.48712e-11 2.03181e-07 0.00106234
 9 0.00125795 0.000214359 1000 8.22217e-07 1000 0 1.88619e-11 2.46939e-07 0.00128171
 10 0.00149374 0.000235795 1000 1.16138e-06 1000 0 2.23485e-11 2.95101e-07 0.0015233
